1 2 3 4 17 18 19 20
33 34 35 36 49 50 51 52
65 66 67 68 81 82 83 84
97 98 99 100 113 114 115 116
129 130 131 132 145 146 147 148
161 162 163 164 177 178 179 180
193 194 195 196 209 210 211 212
225 226 227 228 241 242 243 244
5 6 7 8 21 22 23 24
37 38 39 40 53 54 55 56
69 70 71 72 85 86 87 88
101 102 103 104 117 118 119 120
133 134 135 136 149 150 151 152
165 166 167 168 181 182 183 184
197 198 199 200 213 214 215 216
229 230 231 232 245 246 247 248
9 10 11 12 25 26 27 28
41 42 43 44 57 58 59 60
73 74 75 76 89 90 91 92
105 106 107 108 121 122 123 124
137 138 139 140 153 154 155 156
169 170 171 172 185 186 187 188
201 202 203 204 217 218 219 220
233 234 235 236 249 250 251 252
13 14 15 16 29 30 31 32
45 46 47 48 61 62 63 64
77 78 79 80 93 94 95 96
109 110 111 112 125 126 127 128
141 142 143 144 157 158 159 160
173 174 175 176 189 190 191 192
205 206 207 208 221 222 223 224
237 238 239 240 253 254 255 256

